20
1 6 0.6 2.5
0.068627 0.084313 0.084313 0.1 0.0 0.0
1 1 1 3 0 1
1 3 2 4 0 1
2 4 4 4 2 0
4 4 5 3 0 1
5 3 5 1 0 1
5 1 1 1 0 1
2 8 0.6 5.0
0.068627 0.084313 0.084313 0.1 0.0 0.0
2 4 2 14 0 2
2 14 4 14 0 2
4 14 4 12 8 0
4 12 4 11 0 2
4 11 4 7 4 0
4 7 4 6 0 2
4 6 4 4 9 0
4 4 2 4 1 0
3 4 0.3 5.0
0.068627 0.084313 0.084313 0.1 0.0 0.0
5 6 5 7 0 2
5 7 10 7 7 0
10 7 10 6 0 2
10 6 5 6 9 0
4 4 0.3 5.0
0.068627 0.084313 0.084313 0.1 0.0 0.0
4 7 4 11 2 0
4 11 5 11 0 2
5 11 5 7 7 0
5 7 4 7 0 2
5 4 0.3 5.0
0.068627 0.084313 0.084313 0.1 0.0 0.0
5 11 5 12 0 2
5 12 10 12 8 0
10 12 10 11 0 2
10 11 5 11 7 0
6 6 0.3 5.0
0.068627 0.084313 0.084313 0.1 0.0 0.0
10 7 10 11 7 0
10 11 11 11 0 2
11 11 11 10 0 2
11 10 11 8 20 2
11 8 11 7 0 2
11 7 10 7 0 2
7 4 0.0 5.0
0.068627 0.084313 0.084313 0.1 0.0 0.0
5 7 5 11 4 0
5 11 10 11 5 0
10 11 10 7 6 0
10 7 5 7 3 0
8 7 0.6 5.0
0.068627 0.084313 0.084313 0.1 0.0 0.0
4 12 4 14 2 2
4 14 9 14 0 2
9 14 11 14 12 2
11 14 11 12 0 2
11 12 10 12 0 2
10 12 5 12 5 2
5 12 4 12 0 2
9 6 0.6 5.0
0.068627 0.084313 0.084313 0.1 0.0 0.0
4 4 4 6 2 2
4 6 5 6 0 2
5 6 10 6 3 2
10 6 11 6 0 2
11 6 11 4 0 2
11 4 4 4 0 2
10 4 0.3 5.0
0.068627 0.084313 0.084313 0.1 0.0 0.0
10 7 11 7 0 0
11 7 11 6 0 0 
11 6 10 6 0 0
10 6 10 7 0 0
11 4 0.3 5.0
0.068627 0.084313 0.084313 0.1 0.0 0.0
4 6 4 7 0 0
4 7 5 7 0 0
5 7 5 6 0 0
5 6 4 6 0 0
12 4 0.8 3.1
0.068627 0.084313 0.084313 0.1 0.0 0.0
9 14 10 16 0 0
10 16 11 16 0 0
11 16 11 14 13 0
11 14 9 14 8 0
13 4 1.0 3.3
0.068627 0.084313 0.084313 0.1 0.0 0.0
11 14 11 16 12 0
11 16 12 16 0 0
12 16 12 14 14 0
12 14 11 14 0 2
14 3 1.2 3.5
0.068627 0.084313 0.084313 0.1 0.0 0.0
12 14 12 16 13 0
12 16 13 16 0 0
13 16 12 14 15 0
15 3 1.4 3.7
0.068627 0.084313 0.084313 0.1 0.0 0.0
12 14 13 16 14 0
13 16 14 15 0 0
14 15 12 14 16 0
16 3 1.6 3.9
0.068627 0.084313 0.084313 0.1 0.0 0.0
12 14 14 15 15 0
14 15 14 14 0 0
14 14 12 14 17 0
17 4 1.8 4.1
0.068627 0.084313 0.084313 0.1 0.0 0.0
12 13 12 14 0 2
12 14 14 14 16 0
14 14 14 13 0 0
14 13 12 13 18 0
18 4 2.0 4.3
0.068627 0.084313 0.084313 0.1 0.0 0.0
12 12 12 13 0 2
12 13 14 13 17 0
14 13 14 12 0 0
14 12 12 12 19 0
19 8 2.2 5.0
0.068627 0.084313 0.084313 0.1 0.0 0.0
12 10 12 12 0 2
12 12 14 12 18 0
14 12 18 12 0 2
18 12 18 5 0 2
18 5 16 5 0 2
16 5 12 6 0 2
12 6 12 8 0 2
12 8 12 10 20 0
20 4 2.7 3.8
0.068627 0.084313 0.084313 0.1 0.0 0.0
11 8 11 10 6 0
11 10 12 10 0 2
12 10 12 8 19 0
12 8 11 8 0 2
